Connectivity type: Custom2DField
 Possible sub-types: 23, 22
Connectivity type: Hinge
 Possible sub-types: 226, 87, 227, 228, 229, 12, 200, 16, 15, 193, 192, 194, 195, 216, 217, 196, 28, 197, 86, 69, 51, 184, 178, 50, 2, 17, 90, 11, 10, 137, 230, 164, 208, 209, 136, 138, 60, 46, 18, 82, 141, 231, 3, 233, 232, 236, 237, 91, 238, 239, 201, 102, 198, 218, 219, 169, 77, 240, 5, 6, 7, 241, 170, 4, 22, 118, 61, 119, 19, 14, 126, 127, 26, 190, 191, 37, 29, 122, 123, 44, 45, 163, 62, 63, 117, 116, 97, 114, 95, 113, 112, 68, 120, 121, 224, 225, 167, 166, 20, 189, 188, 185, 9, 180, 181, 76, 31, 30, 210, 211, 13, 40, 41, 55, 54, 23, 162, 187, 186, 400, 401, 109, 108, 94, 115, 103, 182, 183, 70, 71, 160, 161, 129, 128, 168, 72, 73, 172, 175, 174, 171, 34, 35, 84, 85, 66, 67, 99, 98, 64, 65, 42, 43, 101, 100, 74, 48, 49, 139, 56, 57, 147, 52, 53, 234, 235, 145, 140, 58, 88, 89, 104, 105, 96, 173, 83, 47, 59, 110, 111, 130, 131, 134, 135, 132, 133, 81, 80, 142, 143, 8, 157, 21, 75, 107, 38, 39, 106, 203, 202, 153, 152, 149, 148, 150, 151, 27, 36, 159, 155, 154, 242, 243, 165, 144, 146, 158, 212, 214, 213, 215, 156, 179, 206, 207, 199, 204, 205, 177, 176
Connectivity type: Axel
 Possible sub-types: 7, 6, 12, 2, 4, 3, 5, 8, 14, 15, 19, 17, 21, 13
Connectivity type: Fixed
 Possible sub-types: 30, 55, 94, 109, 115, 114, 90, 118, 119, 111, 110, 82, 4, 5, 108, 123, 122, 41, 143, 73, 54, 16, 132, 133, 100, 92, 142, 134, 135, 14, 150, 151, 140, 141, 139, 138, 145, 144, 31, 120, 93, 101, 40, 22, 99, 98, 155, 154, 153, 152, 105, 86, 87, 64, 67, 75, 65, 74, 9, 8, 10, 12, 13, 137, 130, 131, 25, 24, 95, 6, 3, 33, 76, 77, 32, 26, 103, 70, 71, 27, 149, 61, 37, 50, 51, 124, 125, 11, 15, 39, 38, 47, 17, 107, 106, 72, 59, 66, 58, 23, 53, 52, 48, 49, 20, 21, 28, 2, 80, 81, 7, 97, 96, 56, 29, 62, 57, 63, 104, 147, 146, 148, 60, 69, 68, 36, 136, 126, 127, 128, 129, 102, 79, 78, 88, 83, 89, 91
Connectivity type: Gear
 Possible sub-types: 3, 11, 13, 9
Connectivity type: Slider
 Possible sub-types: 5, 13, 12, 37, 36, 20, 21, 4, 34, 35, 30, 31, 26, 2, 32, 19, 18, 3, 28, 10, 11, 29, 7, 6, 9, 8, 14, 15, 17, 16, 27, 22, 23, 24, 25
Connectivity type: Ball
 Possible sub-types: 4, 3, 999000, 2, 5, 10, 8, 11, 18, 19, 12, 13, 16, 17, 9, 7, 6, 15, 14
Connectivity type: Rail
 Possible sub-types: 1, 0